781.052 381.547
779.43936694 379.162291748
777.81534277 376.788604492
776.17992749 374.425938232
774.53312109 372.074292969
772.87492358 369.733668701
771.20533496 367.40406543
769.52435522 365.085483154
767.83198437 362.777921875
766.12822241 360.481381592
764.41306934 358.195862305
762.68652515 355.921364014
760.94858984 353.657886719
759.19926343 351.40543042
757.4385459 349.163995117
755.66643726 346.933580811
753.8829375 344.7141875
752.08804663 342.505815186
750.28176465 340.308463867
748.46409155 338.122133545
746.63502734 335.946824219
744.79457202 333.782535889
742.94272559 331.629268555
741.07948804 329.487022217
739.20485938 327.355796875
737.3188396 325.235592529
735.42142871 323.12640918
733.51262671 321.028246826
731.59243359 318.941105469
729.66084937 316.864985107
727.71787402 314.799885742
725.76350757 312.745807373
723.79775 310.70275
721.82060132 308.670713623
719.83206152 306.649698242
717.83213062 304.639703857
715.82080859 302.640730469
713.79809546 300.652778076
711.76399121 298.67584668
709.71849585 296.709936279
707.66160937 294.755046875
705.59333179 292.811178467
703.51366309 290.878331055
701.42260327 288.956504639
699.32015234 287.045699219
697.2063103 285.145914795
695.08107715 283.257151367
692.94445288 281.379408936
690.7964375 279.5126875
688.63703101 277.656987061
686.4662334 275.812307617
684.28404468 273.97864917
682.09046484 272.156011719
679.8854939 270.344395264
677.66913184 268.543799805
675.44137866 266.754225342
673.20223437 264.975671875
670.95169897 263.208139404
668.68977246 261.45162793
666.41645483 259.706137451
664.13174609 257.971667969
661.83564624 256.248219482
659.52815527 254.535791992
657.20927319 252.834385498
654.879 251.144
655.05196875 247.470140625
655.201875 243.6785625
655.32871875 239.769265625
655.4325 235.74225
655.51321875 231.597515625
655.570875 227.3350625
655.60546875 222.954890625
655.617 218.457
655.60979053 215.292158936
655.58816211 212.127198242
655.55211475 208.96211792
655.50164844 205.796917969
655.43676318 202.631598389
655.35745898 199.46615918
655.26373584 196.300600342
655.15559375 193.134921875
655.03303271 189.969123779
654.89605273 186.803206055
654.74465381 183.637168701
654.57883594 180.471011719
654.39859912 177.304735107
654.20394336 174.138338867
653.99486865 170.971822998
653.771375 167.8051875
653.5334624 164.638432373
653.28113086 161.471557617
653.01438037 158.304563232
652.73321094 155.137449219
652.43762256 151.970215576
652.12761523 148.802862305
651.80318896 145.635389404
651.46434375 142.467796875
651.11107959 139.300084717
650.74339648 136.13225293
650.36129443 132.964301514
649.96477344 129.796230469
649.5538335 126.628039795
649.12847461 123.459729492
648.68869678 120.291299561
648.2345 117.12275
647.76588428 113.954080811
647.28284961 110.785291992
646.785396 107.616383545
646.27352344 104.447355469
645.74723193 101.278207764
645.20652148 98.10894043
644.65139209 94.939553467
644.08184375 91.770046875
643.49787646 88.600420654
642.89949023 85.430674805
642.28668506 82.260809326
641.65946094 79.090824219
641.01781787 75.920719482
640.36175586 72.750495117
639.6912749 69.580151123
639.006375 66.4096875
638.30705615 63.239104248
637.59331836 60.068401367
636.86516162 56.897578857
636.12258594 53.726636719
635.36559131 50.555574951
634.59417773 47.384393555
633.80834521 44.213092529
633.00809375 41.041671875
632.19342334 37.870131592
631.36433398 34.69847168
630.52082568 31.526692139
629.66289844 28.354792969
628.79055225 25.18277417
627.90378711 22.010635742
627.00260303 18.838377686
626.087 15.666
625.1565813 12.495654053
624.2109502 9.329553711
623.25010669 6.167698975
622.27405078 3.010089844
621.28278247 -0.143273682
620.27630176 -3.292391602
619.25460864 -6.437263916
618.21770313 -9.577890625
617.16558521 -12.714271729
616.09825488 -15.846407227
615.01571216 -18.974297119
613.91795703 -22.097941406
612.8049895 -25.217340088
611.67680957 -28.332493164
610.53341724 -31.443400635
609.3748125 -34.5500625
608.20099536 -37.65247876
607.01196582 -40.750649414
605.80772388 -43.844574463
604.58826953 -46.934253906
603.35360278 -50.019687744
602.10372363 -53.100875977
600.83863208 -56.177818604
599.55832812 -59.250515625
598.26281177 -62.318967041
596.95208301 -65.383172852
595.62614185 -68.443133057
594.28498828 -71.498847656
592.92862231 -74.55031665
591.55704395 -77.597540039
590.17025317 -80.640517822
588.76825 -83.67925
587.35103442 -86.713736572
585.91860645 -89.743977539
584.47096606 -92.7699729
583.00811328 -95.791722656
581.5300481 -98.809226807
580.03677051 -101.822485352
578.52828052 -104.831498291
577.00457813 -107.836265625
575.46566333 -110.836787354
573.91153613 -113.833063477
572.34219653 -116.825093994
570.75764453 -119.812878906
569.15788013 -122.796418213
567.54290332 -125.775711914
565.91271411 -128.75076001
564.2673125 -131.7215625
562.60669849 -134.688119385
560.93087207 -137.650430664
559.23983325 -140.608496338
557.53358203 -143.562316406
555.81211841 -146.511890869
554.07544238 -149.457219727
552.32355396 -152.398302979
550.55645312 -155.335140625
548.774139893 -158.267732666
546.976614258 -161.196079102
545.163876221 -164.120179932
543.335925781 -167.040035156
541.492762939 -169.955644775
539.634387695 -172.867008789
537.760800049 -175.774127197
535.872 -178.677
533.969928711 -181.572579102
532.056527344 -184.457816406
530.131795898 -187.332711914
528.195734375 -190.197265625
526.248342773 -193.051477539
524.289621094 -195.895347656
522.319569336 -198.728875977
520.3381875 -201.5520625
518.345475586 -204.364907227
516.341433594 -207.167410156
514.326061523 -209.959571289
512.299359375 -212.741390625
510.261327148 -215.512868164
508.211964844 -218.274003906
506.151272461 -221.024797852
504.07925 -223.76525
501.995897461 -226.495360352
499.901214844 -229.215128906
497.795202148 -231.924555664
495.677859375 -234.623640625
493.549186523 -237.312383789
491.409183594 -239.990785156
489.257850586 -242.658844727
487.0951875 -245.3165625
484.921194336 -247.963938477
482.735871094 -250.600972656
480.539217773 -253.227665039
478.331234375 -255.844015625
476.111920898 -258.450024414
473.881277344 -261.045691406
471.639303711 -263.631016602
469.386 -266.206
467.121366211 -268.770641602
464.845402344 -271.324941406
462.558108398 -273.868899414
460.259484375 -276.402515625
457.949530273 -278.925790039
455.628246094 -281.438722656
453.295631836 -283.941313477
450.9516875 -286.4335625
448.596413086 -288.915469727
446.229808594 -291.387035156
443.851874023 -293.848258789
441.462609375 -296.299140625
439.062014648 -298.739680664
436.650089844 -301.169878906
434.226834961 -303.589735352
431.79225 -305.99925
429.346334961 -308.398422852
426.889089844 -310.787253906
424.420514648 -313.165743164
421.940609375 -315.533890625
419.449374023 -317.891696289
416.946808594 -320.239160156
414.432913086 -322.576282227
411.9076875 -324.9030625
409.371131836 -327.219500977
406.823246094 -329.525597656
404.264030273 -331.821352539
401.693484375 -334.106765625
399.111608398 -336.381836914
396.518402344 -338.646566406
393.913866211 -340.900954102
391.298 -343.145
388.668192627 -345.376785645
386.021833008 -347.594392578
383.358921143 -349.797820801
380.679457031 -351.987070312
377.983440674 -354.162141113
375.27087207 -356.323033203
372.541751221 -358.469746582
369.796078125 -360.60228125
367.033852783 -362.720637207
364.255075195 -364.824814453
361.459745361 -366.914812988
358.647863281 -368.990632813
355.819428955 -371.052273926
352.974442383 -373.099736328
350.112903564 -375.13302002
347.2348125 -377.152125
344.340169189 -379.15705127
341.428973633 -381.147798828
338.50122583 -383.124367676
335.556925781 -385.086757812
332.596073486 -387.034969238
329.618668945 -388.969001953
326.624712158 -390.888855957
323.614203125 -392.79453125
320.587141846 -394.686027832
317.54352832 -396.563345703
314.483362549 -398.426484863
311.406644531 -400.275445312
308.313374268 -402.110227051
305.203551758 -403.930830078
302.077177002 -405.737254395
298.93425 -407.5295
295.774770752 -409.307566895
292.598739258 -411.071455078
289.406155518 -412.821164551
286.197019531 -414.556695312
282.971331299 -416.278047363
279.72909082 -417.985220703
276.470298096 -419.678215332
273.194953125 -421.35703125
269.903055908 -423.021668457
266.594606445 -424.672126953
263.269604736 -426.308406738
259.928050781 -427.930507812
256.56994458 -429.538430176
253.195286133 -431.132173828
249.804075439 -432.71173877
246.3963125 -434.277125
242.971997314 -435.82833252
239.531129883 -437.365361328
236.073710205 -438.888211426
232.599738281 -440.396882813
229.109214111 -441.891375488
225.602137695 -443.371689453
222.078509033 -444.837824707
218.538328125 -446.28978125
214.981594971 -447.727559082
211.40830957 -449.151158203
207.818471924 -450.560578613
204.212082031 -451.955820313
200.589139893 -453.336883301
196.949645508 -454.703767578
193.293598877 -456.056473145
189.621 -457.395
185.935999512 -458.716035645
182.242748047 -460.016267578
178.541245605 -461.295695801
174.831492187 -462.554320312
171.113487793 -463.792141113
167.387232422 -465.009158203
163.652726074 -466.205371582
159.90996875 -467.38078125
156.158960449 -468.535387207
152.399701172 -469.669189453
148.632190918 -470.782187988
144.856429687 -471.874382812
141.07241748 -472.945773926
137.280154297 -473.996361328
133.479640137 -475.02614502
129.670875 -476.035125
125.853858887 -477.02330127
122.028591797 -477.990673828
118.19507373 -478.937242676
114.353304687 -479.863007812
110.503284668 -480.767969238
106.645013672 -481.652126953
102.778491699 -482.515480957
98.90371875 -483.35803125
95.020694824 -484.179777832
91.129419922 -484.980720703
87.229894043 -485.760859863
83.322117187 -486.520195312
79.406089355 -487.258727051
75.481810547 -487.976455078
71.549280762 -488.673379395
67.6085 -489.3495
63.659468262 -490.004816895
59.702185547 -490.639330078
55.736651855 -491.253039551
51.762867187 -491.845945312
47.780831543 -492.418047363
43.790544922 -492.969345703
39.792007324 -493.499840332
35.78521875 -494.00953125
31.770179199 -494.498418457
27.746888672 -494.966501953
23.715347168 -495.413781738
19.675554687 -495.840257812
15.62751123 -496.245930176
11.571216797 -496.630798828
7.506671387 -496.99486377
3.433875 -497.338125
-0.647172363 -497.66058252
-4.736470703 -497.962236328
-8.83402002 -498.243086426
-12.939820313 -498.503132812
-17.053871582 -498.742375488
-21.176173828 -498.960814453
-25.306727051 -499.158449707
-29.44553125 -499.33528125
-33.592586426 -499.491309082
-37.747892578 -499.626533203
-41.911449707 -499.740953613
-46.083257812 -499.834570312
-50.263316895 -499.907383301
-54.451626953 -499.959392578
-58.648187988 -499.990598145
-62.853 -500.001
-66.135345398 -499.994072937
-69.413631592 -499.973291748
-72.687858582 -499.938656433
-75.958026367 -499.890166992
-79.224134949 -499.827823425
-82.486184326 -499.751625732
-85.7441745 -499.661573914
-88.998105469 -499.557667969
-92.247977234 -499.439907898
-95.493789795 -499.308293701
-98.735543152 -499.162825378
-101.973237305 -499.00350293
-105.206872253 -498.830326355
-108.436447998 -498.643295654
-111.661964539 -498.442410828
-114.883421875 -498.227671875
-118.100820007 -497.999078796
-121.314158936 -497.756631592
-124.52343866 -497.500330261
-127.72865918 -497.230174805
-130.929820496 -496.946165222
-134.126922607 -496.648301514
-137.319965515 -496.336583679
-140.508949219 -496.011011719
-143.693873718 -495.671585632
-146.874739014 -495.31830542
-150.051545105 -494.951171082
-153.224291992 -494.570182617
-156.392979675 -494.175340027
-159.557608154 -493.766643311
-162.718177429 -493.344092468
-165.8746875 -492.9076875
-169.027138367 -492.457428406
-172.175530029 -491.993315186
-175.319862488 -491.515347839
-178.460135742 -491.023526367
-181.596349792 -490.517850769
-184.728504639 -489.998321045
-187.856600281 -489.464937195
-190.980636719 -488.917699219
-194.100613953 -488.356607117
-197.216531982 -487.781660889
-200.328390808 -487.192860535
-203.43619043 -486.590206055
-206.539930847 -485.973697449
-209.639612061 -485.343334717
-212.73523407 -484.699117859
-215.826796875 -484.041046875
-218.914300476 -483.369121765
-221.997744873 -482.683342529
-225.077130066 -481.983709167
-228.152456055 -481.27022168
-231.223722839 -480.542880066
-234.29093042 -479.801684326
-237.354078796 -479.04663446
-240.413167969 -478.277730469
-243.468197937 -477.494972351
-246.519168701 -476.698360107
-249.566080261 -475.887893738
-252.608932617 -475.063573242
-255.647725769 -474.225398621
-258.682459717 -473.373369873
-261.71313446 -472.507487
-264.73975 -471.62775
-267.762306335 -470.734158875
-270.780803467 -469.826713623
-273.795241394 -468.905414246
-276.805620117 -467.970260742
-279.811939636 -467.021253113
-282.814199951 -466.058391357
-285.812401062 -465.081675476
-288.806542969 -464.091105469
-291.796625671 -463.086681335
-294.78264917 -462.068403076
-297.764613464 -461.036270691
-300.742518555 -459.99028418
-303.716364441 -458.930443542
-306.686151123 -457.856748779
-309.651878601 -456.76919989
-312.613546875 -455.667796875
-315.571155945 -454.552539734
-318.524705811 -453.423428467
-321.474196472 -452.280463074
-324.41962793 -451.123643555
-327.361000183 -449.95296991
-330.298313232 -448.768442139
-333.231567078 -447.570060242
-336.160761719 -446.357824219
-339.085897156 -445.13173407
-342.006973389 -443.891789795
-344.923990417 -442.637991394
-347.836948242 -441.370338867
-350.745846863 -440.088832214
-353.650686279 -438.793471436
-356.551466492 -437.484256531
-359.4481875 -436.1611875
-362.340849304 -434.824264343
-365.229451904 -433.473487061
-368.1139953 -432.108855652
-370.994479492 -430.730370117
-373.87090448 -429.338030457
-376.743270264 -427.93183667
-379.611576843 -426.511788757
-382.475824219 -425.077886719
-385.33601239 -423.630130554
-388.192141357 -422.168520264
-391.044211121 -420.693055847
-393.89222168 -419.203737305
-396.736173035 -417.700564636
-399.576065185 -416.183537842
-402.411898132 -414.652656921
-405.243671875 -413.107921875
-408.071386414 -411.549332703
-410.895041748 -409.976889404
-413.714637878 -408.39059198
-416.530174805 -406.79044043
-419.341652527 -405.176434753
-422.149071045 -403.548574951
-424.952430359 -401.906861023
-427.751730469 -400.251292969
-430.546971375 -398.581870789
-433.338153076 -396.898594482
-436.125275574 -395.20146405
-438.908338867 -393.490479492
-441.687342957 -391.765640808
-444.462287842 -390.026947998
-447.233173523 -388.274401062
-450.0 -386.508
-446.084289062 -386.931222656
-442.18865625 -387.327140625
-438.313101562 -387.695753906
-434.457625 -388.0370625
-430.622226562 -388.351066406
-426.80690625 -388.637765625
-423.011664063 -388.897160156
-419.2365 -389.12925
-415.481414062 -389.334035156
-411.74640625 -389.511515625
-408.031476563 -389.661691406
-404.336625 -389.7845625
-400.661851562 -389.880128906
-397.00715625 -389.948390625
-393.372539062 -389.989347656
-389.758 -390.003
-387.016462097 -389.9963974
-384.279504639 -389.9765896
-381.547127625 -389.943576599
-378.819331055 -389.897358398
-376.096114929 -389.837934998
-373.377479248 -389.765306396
-370.663424011 -389.679472595
-367.953949219 -389.580433594
-365.249054871 -389.468189392
-362.548740967 -389.34273999
-359.853007507 -389.204085388
-357.161854492 -389.052225586
-354.475281921 -388.887160583
-351.793289795 -388.708890381
-349.115878113 -388.517414978
-346.443046875 -388.312734375
-343.774796082 -388.094848572
-341.111125732 -387.863757568
-338.452035828 -387.619461365
-335.797526367 -387.361959961
-333.147597351 -387.091253357
-330.502248779 -386.807341553
-327.861480652 -386.510224548
-325.225292969 -386.199902344
-322.59368573 -385.876374939
-319.966658936 -385.539642334
-317.344212585 -385.189704529
-314.72634668 -384.826561523
-312.113061218 -384.450213318
-309.504356201 -384.060659912
-306.900231628 -383.657901306
-304.3006875 -383.2419375
-301.705723816 -382.812768494
-299.115340576 -382.370394287
-296.529537781 -381.91481488
-293.94831543 -381.446030273
-291.371673523 -380.964040466
-288.799612061 -380.468845459
-286.232131042 -379.960445251
-283.669230469 -379.438839844
-281.110910339 -378.904029236
-278.557170654 -378.356013428
-276.008011414 -377.794792419
-273.463432617 -377.220366211
-270.923434265 -376.632734802
-268.388016357 -376.031898193
-265.857178894 -375.417856384
-263.330921875 -374.790609375
-260.8092453 -374.150157166
-258.29214917 -373.496499756
-255.779633484 -372.829637146
-253.271698242 -372.149569336
-250.768343445 -371.456296326
-248.269569092 -370.749818115
-245.775375183 -370.030134705
-243.285761719 -369.297246094
-240.800728699 -368.551152283
-238.320276123 -367.791853271
-235.844403992 -367.01934906
-233.373112305 -366.233639648
-230.906401062 -365.434725037
-228.444270264 -364.622605225
-225.98671991 -363.797280212
-223.53375 -362.95875
-221.085360535 -362.107014587
-218.641551514 -361.242073975
-216.202322937 -360.363928162
-213.767674805 -359.472577148
-211.337607117 -358.568020935
-208.912119873 -357.650259521
-206.491213074 -356.719292908
-204.074886719 -355.775121094
-201.663140808 -354.81774408
-199.255975342 -353.847161865
-196.85339032 -352.863374451
-194.455385742 -351.866381836
-192.061961609 -350.856184021
-189.67311792 -349.832781006
-187.288854675 -348.796172791
-184.909171875 -347.746359375
-182.534069519 -346.683340759
-180.163547607 -345.607116943
-177.79760614 -344.517687927
-175.436245117 -343.415053711
-173.079464539 -342.299214294
-170.727264404 -341.170169678
-168.379644714 -340.027919861
-166.036605469 -338.872464844
-163.698146667 -337.703804626
-161.364268311 -336.521939209
-159.034970398 -335.326868591
-156.71025293 -334.118592773
-154.390115906 -332.897111755
-152.074559326 -331.662425537
-149.763583191 -330.414534119
-147.4571875 -329.1534375
-145.155372253 -327.879135681
-142.858137451 -326.591628662
-140.565483093 -325.290916443
-138.27740918 -323.976999023
-135.99391571 -322.649876404
-133.715002686 -321.309548584
-131.440670105 -319.956015564
-129.170917969 -318.589277344
-126.905746277 -317.209333923
-124.645155029 -315.816185303
-122.389144226 -314.409831482
-120.137713867 -312.990272461
-117.890863953 -311.55750824
-115.648594482 -310.111538818
-113.410905457 -308.652364197
-111.177796875 -307.179984375
-108.949268738 -305.694399353
-106.725321045 -304.195609131
-104.505953796 -302.683613708
-102.291166992 -301.158413086
-100.080960632 -299.620007263
-97.875334717 -298.06839624
-95.674289246 -296.503580017
-93.477824219 -294.925558594
-91.285939636 -293.33433197
-89.098635498 -291.729900146
-86.915911804 -290.112263123
-84.737768555 -288.481420898
-82.56420575 -286.837373474
-80.395223389 -285.18012085
-78.230821472 -283.509663025
-76.071 -281.826
-78.625481445 -281.767519775
-81.171613281 -281.685891602
-83.709395508 -281.581115479
-86.238828125 -281.453191406
-88.759911133 -281.302119385
-91.272644531 -281.127899414
-93.77702832 -280.930531494
-96.2730625 -280.710015625
-101.240082031 -280.199540039
-106.173703125 -279.596472656
-111.073925781 -278.900813477
-115.94075 -278.1125625
-120.774175781 -277.231719727
-125.574203125 -276.258285156
-130.340832031 -275.192258789
-135.0740625 -274.033640625
-139.773894531 -272.782430664
-144.440328125 -271.438628906
-149.073363281 -270.002235352
-153.673 -268.47325
-158.239238281 -266.851672852
-162.772078125 -265.137503906
-167.271519531 -263.330743164
-171.7375625 -261.431390625
-176.170207031 -259.439446289
-180.569453125 -257.354910156
-184.935300781 -255.177782227
-189.26775 -252.9080625
-193.566800781 -250.545750977
-197.832453125 -248.090847656
-202.064707031 -245.543352539
-206.2635625 -242.903265625
-210.429019531 -240.170586914
-212.499223633 -238.769525635
-214.561078125 -237.345316406
-216.614583008 -235.897959229
-218.659738281 -234.427454102
-220.696543945 -232.933801025
-222.725 -231.417
-224.739418457 -229.882021973
-226.734111328 -228.333775391
-228.709078613 -226.772260254
-230.664320312 -225.197476563
-232.599836426 -223.609424316
-234.515626953 -222.008103516
-238.28803125 -218.76565625
-241.981533203 -215.470134766
-245.596132812 -212.121539063
-249.131830078 -208.719869141
-252.588625 -205.265125
-255.966517578 -201.757306641
-259.265507812 -198.196414063
-262.485595703 -194.582447266
-265.62678125 -190.91540625
-268.689064453 -187.195291016
-271.672445312 -183.422101563
-274.576923828 -179.595837891
-277.4025 -175.7165
-280.149173828 -171.784087891
-282.816945312 -167.798601563
-285.405814453 -163.760041016
-287.91578125 -159.66840625
-290.346845703 -155.523697266
-292.699007812 -151.325914063
-294.972267578 -147.075056641
-297.166625 -142.771125
-299.282080078 -138.414119141
-301.318632812 -134.004039063
-303.276283203 -129.540884766
-305.15503125 -125.02465625
-306.954876953 -120.455353516
-308.675820312 -115.832976563
-310.317861328 -111.157525391
-311.881 -106.429
-308.871328125 -106.984820313
-305.8665625 -107.50478125
-302.866703125 -107.988882813
-299.87175 -108.437125
-296.881703125 -108.849507813
-293.8965625 -109.22603125
-290.916328125 -109.566695313
-287.941 -109.8715
-284.970578125 -110.140445313
-282.0050625 -110.37353125
-279.044453125 -110.570757813
-276.08875 -110.732125
-273.137953125 -110.857632813
-270.1920625 -110.94728125
-267.251078125 -111.001070313
-264.315 -111.019
-260.096476562 -110.984578125
-255.88640625 -110.8813125
-251.684789062 -110.709203125
-247.491625 -110.46825
-243.306914062 -110.158453125
-239.13065625 -109.7798125
-234.962851562 -109.332328125
-230.8035 -108.816
-226.652601562 -108.230828125
-222.51015625 -107.5768125
-218.376164062 -106.853953125
-214.250625 -106.06225
-210.133539062 -105.201703125
-206.02490625 -104.2723125
-201.924726562 -103.274078125
-197.833 -102.207
-200.556291748 -101.647419922
-203.265041992 -101.062429688
-205.959250732 -100.452029297
-208.638917969 -99.81621875
-211.304043701 -99.154998047
-213.95462793 -98.468367188
-216.590670654 -97.756326172
-219.212171875 -97.018875
-221.819131592 -96.256013672
-224.411549805 -95.467742188
-226.989426514 -94.654060547
-229.552761719 -93.81496875
-232.10155542 -92.950466797
-234.635807617 -92.060554688
-237.155518311 -91.145232422
-239.6606875 -90.2045
-242.151315186 -89.238357422
-244.627401367 -88.246804688
-247.088946045 -87.229841797
-249.535949219 -86.18746875
-251.968410889 -85.119685547
-254.386331055 -84.026492188
-256.789709717 -82.907888672
-259.178546875 -81.763875
-261.552842529 -80.594451172
-263.91259668 -79.399617188
-266.257809326 -78.179373047
-268.588480469 -76.93371875
-270.904610107 -75.662654297
-273.206198242 -74.366179688
-275.493244873 -73.044294922
-277.76575 -71.697
-280.023713623 -70.324294922
-282.267135742 -68.926179688
-284.496016357 -67.502654297
-286.710355469 -66.05371875
-288.910153076 -64.579373047
-291.09540918 -63.079617188
-293.266123779 -61.554451172
-295.422296875 -60.003875
-297.563928467 -58.427888672
-299.691018555 -56.826492188
-301.803567139 -55.199685547
-303.901574219 -53.54746875
-305.985039795 -51.869841797
-308.053963867 -50.166804688
-310.108346436 -48.438357422
-312.1481875 -46.6845
-314.173487061 -44.905232422
-316.184245117 -43.100554688
-318.18046167 -41.270466797
-320.162136719 -39.41496875
-322.129270264 -37.534060547
-324.081862305 -35.627742188
-326.019912842 -33.696013672
-327.943421875 -31.738875
-329.852389404 -29.756326172
-331.74681543 -27.748367188
-333.626699951 -25.714998047
-335.492042969 -23.65621875
-337.342844482 -21.572029297
-339.179104492 -19.462429688
-341.000822998 -17.327419922
-342.808 -15.167
-344.593782471 -12.988670654
-346.351442383 -10.799870117
-348.080979736 -8.600598389
-349.782394531 -6.390855469
-351.455686768 -4.170641357
-353.100856445 -1.939956055
-354.717903565 0.301200439
-356.306828125 2.552828125
-357.867630127 4.814927002
-359.40030957 7.08749707
-360.904866455 9.37053833
-362.381300781 11.664050781
-363.829612549 13.968034424
-365.249801758 16.282489258
-366.641868408 18.607415283
-368.0058125 20.9428125
-369.341634033 23.288680908
-370.649333008 25.645020508
-371.928909424 28.011831299
-373.180363281 30.389113281
-374.40369458 32.776866455
-375.59890332 35.17509082
-376.765989502 37.583786377
-377.904953125 40.002953125
-379.01579419 42.432591064
-380.098512695 44.872700195
-381.153108643 47.323280518
-382.179582031 49.784332031
-383.177932861 52.255854736
-384.148161133 54.737848633
-385.090266846 57.230313721
-386.00425 59.73325
-386.890110596 62.246657471
-387.747848633 64.770536133
-388.577464111 67.304885986
-389.378957031 69.849707031
-390.152327393 72.404999268
-390.897575195 74.970762695
-391.614700439 77.546997314
-392.303703125 80.133703125
-392.964583252 82.730880127
-393.59734082 85.33852832
-394.20197583 87.956647705
-394.778488281 90.585238281
-395.326878174 93.224300049
-395.847145508 95.873833008
-396.339290283 98.533837158
-396.8033125 101.2043125
-397.239212158 103.885259033
-397.646989258 106.576676758
-398.026643799 109.278565674
-398.378175781 111.990925781
-398.701585205 114.71375708
-398.99687207 117.44705957
-399.264036377 120.190833252
-399.503078125 122.945078125
-399.713997314 125.709794189
-399.896793945 128.484981445
-400.051468018 131.270639893
-400.178019531 134.066769531
-400.276448486 136.873370361
-400.346754883 139.690442383
-400.388938721 142.517985596
-400.403 145.356
-400.403 148.482
-397.043955078 146.653148437
-393.670945313 144.87859375
-390.283970703 143.158335937
-386.88303125 141.492375
-383.468126953 139.880710937
-380.039257813 138.32334375
-376.596423828 136.820273437
-373.139625 135.3715
-369.668861328 133.977023437
-366.184132813 132.63684375
-362.685439453 131.350960937
-359.17278125 130.119375
-355.646158203 128.942085937
-352.105570312 127.81909375
-348.551017578 126.750398437
-344.9825 125.736
-341.400017578 124.775898437
-337.803570312 123.87009375
-334.193158203 123.018585937
-330.56878125 122.221375
-326.930439453 121.478460937
-323.278132812 120.78984375
-319.611861328 120.155523437
-315.931625 119.5755
-312.237423828 119.049773437
-308.529257812 118.57834375
-304.807126953 118.161210937
-301.07103125 117.798375
-297.320970703 117.489835937
-293.556945312 117.23559375
-289.778955078 117.035648437
-285.987 116.89
-289.201182617 119.067241211
-292.373480469 121.285464844
-295.503893555 123.544670898
-298.592421875 125.844859375
-301.63906543 128.186030273
-304.643824219 130.568183594
-307.606698242 132.991319336
-310.5276875 135.4554375
-313.406791992 137.960538086
-316.244011719 140.506621094
-319.03934668 143.093686523
-321.792796875 145.721734375
-324.504362305 148.390764648
-327.174042969 151.100777344
-329.801838867 153.851772461
-332.38775 156.64375
-334.931776367 159.476709961
-337.433917969 162.350652344
-339.894174805 165.265577148
-342.312546875 168.221484375
-344.68903418 171.218374023
-347.023636719 174.256246094
-349.316354492 177.335100586
-351.5671875 180.4549375
-353.776135742 183.615756836
-355.943199219 186.817558594
-358.06837793 190.060342773
-360.151671875 193.344109375
-362.193081055 196.668858398
-364.192605469 200.034589844
-366.150245117 203.441303711
-368.066 206.889
-369.931329102 210.36609375
-371.737441406 213.861
-373.484336914 217.37371875
-375.172015625 220.90425
-376.800477539 224.45259375
-378.369722656 228.01875
-379.879750977 231.60271875
-381.3305625 235.2045
-382.722157227 238.82409375
-384.054535156 242.4615
-385.327696289 246.11671875
-386.541640625 249.78975
-387.696368164 253.48059375
-388.791878906 257.18925
-389.828172852 260.91571875
-390.80525 264.66
-391.723110352 268.42209375
-392.581753906 272.202
-393.381180664 275.99971875
-394.121390625 279.81525
-394.802383789 283.64859375
-395.424160156 287.49975
-395.986719727 291.36871875
-396.4900625 295.2555
-396.934188477 299.16009375
-397.319097656 303.0825
-397.644790039 307.02271875
-397.911265625 310.98075
-398.118524414 314.95659375
-398.266566406 318.95025
-398.355391602 322.96171875
-398.385 326.991
-398.351649414 331.240779297
-398.251597656 335.472242187
-398.084844727 339.685388672
-397.851390625 343.88021875
-397.551235352 348.056732422
-397.184378906 352.214929687
-396.750821289 356.354810547
-396.2505625 360.476375
-395.683602539 364.579623047
-395.049941406 368.664554687
-394.349579102 372.731169922
-393.582515625 376.77946875
-392.748750977 380.809451172
-391.848285156 384.821117187
-390.881118164 388.814466797
-389.84725 392.7895
-388.746680664 396.746216797
-387.579410156 400.684617188
-386.345438477 404.604701172
-385.044765625 408.50646875
-383.677391602 412.389919922
-382.243316406 416.255054687
-380.742540039 420.101873047
-379.1750625 423.930375
-377.540883789 427.740560547
-375.840003906 431.532429687
-374.072422852 435.305982422
-372.238140625 439.06121875
-370.337157227 442.798138672
-368.369472656 446.516742187
-366.335086914 450.217029297
-364.234 453.899
-361.254739746 450.266462402
-358.255833984 446.656787109
-355.237282715 443.069974121
-352.199085938 439.506023438
-349.141243652 435.964935059
-346.063755859 432.446708984
-342.966622559 428.951345215
-339.84984375 425.47884375
-336.713419434 422.02920459
-333.557349609 418.602427734
-330.381634277 415.198513184
-327.186273437 411.817460938
-323.97126709 408.459270996
-320.736615234 405.123943359
-317.482317871 401.811478027
-314.208375 398.521875
-310.914786621 395.255134277
-307.601552734 392.011255859
-304.26867334 388.790239746
-300.916148437 385.592085937
-297.543978027 382.416794434
-294.152162109 379.264365234
-290.740700684 376.13479834
-287.30959375 373.02809375
-283.858841309 369.944251465
-280.388443359 366.883271484
-276.898399902 363.845153809
-273.388710937 360.829898437
-269.859376465 357.837505371
-266.310396484 354.867974609
-262.741770996 351.921306152
-259.1535 348.9975
-255.545583496 346.096556152
-251.918021484 343.218474609
-248.270813965 340.363255371
-244.603960937 337.530898437
-240.917462402 334.721403809
-237.211318359 331.934771484
-233.485528809 329.171001465
-229.74009375 326.43009375
-225.975013184 323.71204834
-222.190287109 321.016865234
-218.385915527 318.344544434
-214.561898437 315.695085937
-210.71823584 313.068489746
-206.854927734 310.464755859
-202.971974121 307.883884277
-199.069375 305.325875
-195.147130371 302.790728027
-191.205240234 300.278443359
-187.24370459 297.789020996
-183.262523437 295.322460937
-179.261696777 292.878763184
-175.241224609 290.457927734
-171.201106934 288.05995459
-167.14134375 285.68484375
-163.061935059 283.332595215
-158.962880859 281.003208984
-154.844181152 278.696685059
-150.705835937 276.413023437
-146.547845215 274.152224121
-142.370208984 271.914287109
-138.172927246 269.699212402
-133.956 267.507
-129.724378906 265.341338379
-125.483140625 263.205978516
-121.232285156 261.10092041
-116.9718125 259.026164062
-112.701722656 256.981709473
-108.422015625 254.967556641
-104.132691406 252.983705566
-99.83375 251.03015625
-95.525191406 249.106908691
-91.207015625 247.213962891
-86.879222656 245.351318848
-82.5418125 243.518976562
-78.194785156 241.716936035
-73.838140625 239.945197266
-69.471878906 238.203760254
-65.096 236.492625
-60.710503906 234.811791504
-56.315390625 233.161259766
-51.910660156 231.541029785
-47.4963125 229.951101562
-43.072347656 228.391475098
-38.638765625 226.862150391
-34.195566406 225.363127441
-29.74275 223.89440625
-25.280316406 222.455986816
-20.808265625 221.047869141
-16.326597656 219.670053223
-11.8353125 218.322539062
-7.334410156 217.00532666
-2.823890625 215.718416016
1.696246094 214.461807129
6.226 213.2355
10.765371094 212.039494629
15.314359375 210.873791016
19.872964844 209.73838916
24.4411875 208.633289062
29.019027344 207.558490723
33.606484375 206.513994141
38.203558594 205.499799316
42.81025 204.51590625
47.426558594 203.562314941
52.052484375 202.639025391
56.688027344 201.746037598
61.3331875 200.883351562
65.987964844 200.050967285
70.652359375 199.248884766
75.326371094 198.477104004
80.01 197.735625
84.703246094 197.024447754
89.406109375 196.343572266
94.118589844 195.692998535
98.8406875 195.072726562
103.572402344 194.482756348
108.313734375 193.923087891
113.064683594 193.393721191
117.82525 192.89465625
122.595433594 192.425893066
127.375234375 191.987431641
132.164652344 191.579271973
136.9636875 191.201414062
141.772339844 190.85385791
146.590609375 190.536603516
151.418496094 190.249650879
156.256 189.993
155.455644531 193.445246094
154.706828125 196.916234375
154.009550781 200.405964844
153.3638125 203.9144375
152.769613281 207.441652344
152.226953125 210.987609375
151.735832031 214.552308594
151.29625 218.13575
150.908207031 221.737933594
150.571703125 225.358859375
150.286738281 228.998527344
150.0533125 232.6569375
149.871425781 236.334089844
149.741078125 240.029984375
149.662269531 243.744621094
149.635 247.478
149.653064941 250.737602051
149.707259766 253.982283203
149.797584473 257.212043457
149.924039063 260.426882812
150.086623535 263.62680127
150.285337891 266.811798828
150.520182129 269.981875488
150.79115625 273.13703125
151.098260254 276.277266113
151.441494141 279.402580078
151.82085791 282.512973145
152.236351563 285.608445312
152.687975098 288.688996582
153.175728516 291.754626953
153.699611816 294.805336426
154.259625 297.841125
154.855768066 300.861992676
155.488041016 303.867939453
156.156443848 306.858965332
156.860976563 309.835070312
157.60163916 312.796254395
158.378431641 315.742517578
159.191354004 318.673859863
160.04040625 321.59028125
160.925588379 324.491781738
161.846900391 327.378361328
162.804342285 330.25002002
163.797914063 333.106757812
164.827615723 335.948574707
165.893447266 338.775470703
166.995408691 341.587445801
168.1335 344.3845
169.307721191 347.166633301
170.518072266 349.933845703
171.764553223 352.686137207
173.047164063 355.423507812
174.365904785 358.14595752
175.720775391 360.853486328
177.111775879 363.546094238
178.53890625 366.22378125
180.002166504 368.886547363
181.501556641 371.534392578
183.03707666 374.167316895
184.608726563 376.785320312
186.216506348 379.388402832
187.860416016 381.976564453
189.540455566 384.549805176
191.256625 387.108125
193.008924316 389.651523926
194.797353516 392.180001953
196.621912598 394.693559082
198.482601563 397.192195312
200.37942041 399.675910645
202.312369141 402.144705078
204.281447754 404.598578613
206.28665625 407.03753125
208.327994629 409.461562988
210.405462891 411.870673828
212.519061035 414.264863769
214.668789063 416.644132813
216.854646973 419.008480957
219.076634766 421.357908203
221.334752441 423.692414551
223.629 426.012
225.94880249 428.306061523
228.283522461 430.563996094
230.633159912 432.785803711
232.997714844 434.971484375
235.377187256 437.121038086
237.771577148 439.234464844
240.180884521 441.311764648
242.605109375 443.3529375
245.044251709 445.357983398
247.498311523 447.326902344
249.967288818 449.259694336
252.451183594 451.156359375
254.94999585 453.016897461
257.463725586 454.841308594
259.992372803 456.629592773
262.5359375 458.38175
265.094419678 460.097780273
267.667819336 461.777683594
270.256136475 463.421459961
272.859371094 465.029109375
275.477523193 466.600631836
278.110592773 468.136027344
280.758579834 469.635295898
283.421484375 471.0984375
286.099306396 472.525452148
288.792045898 473.916339844
291.499702881 475.271100586
294.222277344 476.589734375
296.959769287 477.872241211
299.712178711 479.118621094
302.479505615 480.328874023
305.26175 481.503
308.058911865 482.640999023
310.870991211 483.742871094
313.697988037 484.808616211
316.539902344 485.838234375
319.396734131 486.831725586
322.268483398 487.789089844
325.155150146 488.710327148
328.056734375 489.5954375
330.973236084 490.444420898
333.904655273 491.257277344
336.850991943 492.034006836
339.812246094 492.774609375
342.788417725 493.479084961
345.779506836 494.147433594
348.785513428 494.779655273
351.8064375 495.37575
354.842279053 495.935717773
357.893038086 496.459558594
360.9587146 496.947272461
364.039308594 497.398859375
367.134820068 497.814319336
370.245249023 498.193652344
373.370595459 498.536858398
376.510859375 498.8439375
379.666040771 499.114889648
382.836139648 499.349714844
386.021156006 499.548413086
389.221089844 499.710984375
392.435941162 499.837428711
395.665709961 499.927746094
398.91039624 499.981936523
402.17 500.0
405.582072266 499.980539307
408.977289063 499.922157227
412.355650391 499.82485376
415.71715625 499.688628906
419.061806641 499.513482666
422.389601563 499.299415039
425.700541016 499.046426025
428.994625 498.754515625
432.271853516 498.423683838
435.532226563 498.053930664
438.775744141 497.645256104
442.00240625 497.197660156
445.212212891 496.711142822
448.405164063 496.185704102
451.581259766 495.621343994
454.7405 495.0180625
457.882884766 494.375859619
461.008414063 493.694735352
464.117087891 492.974689697
467.20890625 492.215722656
470.283869141 491.417834229
473.341976563 490.581024414
476.383228516 489.705293213
479.407625 488.790640625
482.415166016 487.83706665
485.405851563 486.844571289
488.379681641 485.813154541
491.33665625 484.742816406
494.276775391 483.633556885
497.200039063 482.485375977
500.106447266 481.298273682
502.996 480.07225
505.868697266 478.807304932
508.724539063 477.503438477
511.563525391 476.160650635
514.38565625 474.778941406
517.190931641 473.358310791
519.979351563 471.898758789
522.750916016 470.4002854
525.505625 468.862890625
528.243478516 467.286574463
530.964476563 465.671336914
533.668619141 464.017177979
536.35590625 462.324097656
539.026337891 460.592095947
541.679914063 458.821172852
544.316634766 457.011328369
546.9365 455.1625625
549.539509766 453.274875244
552.12566406 451.348266602
554.69496289 449.382736572
557.24740625 447.378285156
559.78299414 445.334912353
562.30172656 443.252618164
564.80360352 441.131402588
567.288625 438.971265625
569.75679102 436.772207275
572.20810156 434.534227539
574.64255664 432.257326416
577.06015625 429.941503906
579.46090039 427.58676001
581.84478906 425.193094727
584.21182227 422.760508057
586.562 420.289
589.23490063 420.825665771
591.90247754 421.375725586
594.56473071 421.939179443
597.22166016 422.516027344
599.87326587 423.106269287
602.51954785 423.709905273
605.1605061 424.326935303
607.79614063 424.957359375
610.42645142 425.60117749
613.05143848 426.258389648
615.67110181 426.92899585
618.28544141 427.612996094
620.89445728 428.310390381
623.49814941 429.021178711
626.09651782 429.745361084
628.6895625 430.4829375
631.27728345 431.233907959
633.85968066 431.998272461
636.43675415 432.776031006
639.00850391 433.567183594
641.57492993 434.371730225
644.13603223 435.189670898
646.69181079 436.021005615
649.24226563 436.865734375
651.78739673 437.723857178
654.3272041 438.595374023
656.86168774 439.480284912
659.39084766 440.378589844
661.91468384 441.290288818
664.43319629 442.215381836
666.94638501 443.153868897
669.45425 444.10575
671.95679126 445.071025147
674.45400879 446.049694336
676.94590259 447.041757568
679.43247266 448.047214844
681.91371899 449.066066162
684.3896416 450.098311523
686.86024048 451.143950928
689.32551562 452.202984375
691.78546704 453.275411865
694.24009473 454.361233398
696.68939868 455.460448975
699.13337891 456.573058594
701.5720354 457.699062256
704.00536816 458.838459961
706.4333772 459.991251709
708.8560625 461.1574375
711.27342407 462.337017334
713.68546191 463.529991211
716.09217603 464.736359131
718.49356641 465.956121094
720.88963306 467.1892771
723.28037598 468.435827148
725.66579517 469.69577124
728.04589063 470.969109375
730.42066235 472.255841553
732.79011035 473.555967773
735.15423462 474.869488037
737.51303516 476.196402344
739.86651196 477.536710693
742.21466504 478.890413086
744.55749438 480.257509522
746.895 481.638
745.98244067 478.817172852
745.0438252 476.016566406
744.07915356 473.236180664
743.08842578 470.476015625
742.07164185 467.736071289
741.02880176 465.016347656
739.95990552 462.316844727
738.86495313 459.6375625
737.74394458 456.978500977
736.59687988 454.339660156
735.42375903 451.721040039
734.22458203 449.122640625
732.99934888 446.544461914
731.74805957 443.986503906
730.47071411 441.448766602
729.1673125 438.93125
727.83785474 436.433954102
726.48234082 433.956878906
725.10077075 431.500024414
723.69314453 429.063390625
722.25946216 426.646977539
720.79972363 424.250785156
719.31392896 421.874813477
717.80207812 419.5190625
716.26417114 417.183532227
714.70020801 414.868222656
713.11018872 412.573133789
711.49411328 410.298265625
709.85198169 408.043618164
708.18379395 405.809191406
706.48955005 403.594985352
704.76925 401.401
703.0228938 399.227235352
701.25048145 397.073691406
699.45201294 394.940368164
697.62748828 392.827265625
695.77690747 390.734383789
693.90027051 388.661722656
691.99757739 386.609282227
690.06882813 384.5770625
688.11402271 382.565063477
686.13316113 380.573285156
684.12624341 378.601727539
682.09326953 376.650390625
680.0342395 374.719274414
677.94915332 372.808378906
675.83801099 370.917704102
673.7008125 369.04725
671.53755786 367.197016602
669.34824707 365.367003906
667.13288013 363.557211914
664.89145703 361.767640625
662.62397778 359.998290039
660.33044238 358.249160156
658.01085083 356.520250977
655.66520313 354.8115625
653.29349927 353.123094727
650.89573926 351.454847656
648.4719231 349.806821289
646.02205078 348.179015625
643.54612231 346.571430664
641.0441377 344.984066406
638.51609692 343.416922852
635.962 341.87
640.67509766 342.451973633
645.37664063 343.076394531
650.06662891 343.743262695
654.7450625 344.452578125
659.41194141 345.20434082
664.06726563 345.998550781
668.71103516 346.835208008
673.34325 347.7143125
677.96391016 348.635864258
682.57301563 349.599863281
687.17056641 350.60630957
691.7565625 351.655203125
696.33100391 352.746543945
700.89389063 353.880332031
705.44522266 355.056567383
709.985 356.27525
714.51322266 357.536379883
719.02989063 358.839957031
723.53500391 360.185981445
728.0285625 361.574453125
732.51056641 363.00537207
736.98101563 364.478738281
741.43991016 365.994551758
745.88725 367.5528125
750.32303516 369.153520508
754.74726563 370.796675781
759.15994141 372.48227832
763.5610625 374.210328125
767.95062891 375.980825195
772.32864063 377.793769531
776.69509766 379.649161133
